 1.52026e+01   1.03382e+00  -1.43760e-01   1.46013e+01  -2.74254e-04   5.00000e-01 
 1.59914e+01   1.02961e+00  -8.23904e-02   1.55370e+01  -1.75579e-03   5.91837e-01 
 1.73088e+01   9.83697e-01  -7.31855e-02   1.69583e+01  -2.87398e-03   6.83673e-01 
 1.82574e+01   9.83873e-01  -1.06012e-01   1.79663e+01  -4.38697e-03   7.75510e-01 
 1.90352e+01   9.94977e-01  -1.10678e-01   1.87931e+01  -1.86885e-03   8.67347e-01 
 1.99422e+01   9.98920e-01  -1.04971e-01   1.97285e+01  -5.74371e-03   9.59184e-01 
 2.08325e+01   9.99403e-01  -1.04894e-01   2.06173e+01  -3.48052e-03   1.05102e+00 
 2.17136e+01   1.00384e+00  -1.02681e-01   2.14672e+01  -5.00573e-03   1.14286e+00 
 2.25453e+01   1.00429e+00  -9.16274e-02   2.22404e+01  -2.03102e-04   1.23469e+00 
 2.35676e+01   9.92358e-01  -8.62141e-02   2.31670e+01  -3.19032e-03   1.32653e+00 
 2.45129e+01   9.85921e-01  -1.02686e-01   2.39685e+01  -3.35689e-03   1.41837e+00 
 2.52777e+01   9.93407e-01  -1.16949e-01   2.45498e+01  -2.69619e-03   1.51020e+00 
 2.59266e+01   1.00485e+00  -1.16912e-01   2.49797e+01  -3.84533e-04   1.60204e+00 
 2.66239e+01   1.01214e+00  -1.02046e-01   2.54202e+01  -5.42889e-03   1.69388e+00 
 2.73103e+01   1.00756e+00  -8.41620e-02   2.58061e+01  -2.91363e-03   1.78571e+00 
 2.80941e+01   9.92408e-01  -7.90570e-02   2.62361e+01  -3.01689e-03   1.87755e+00 
 2.87807e+01   9.82811e-01   6.19043e+00   2.65183e+01  -2.05397e-03   1.96939e+00 
 2.93340e+01   9.83999e-01   6.17347e+00   2.66566e+01  -4.91447e-03   2.06122e+00 
 2.96663e+01   9.89806e-01   6.16426e+00   2.66194e+01  -3.54057e-05   2.15306e+00 
 2.99428e+01   9.97992e-01   6.16075e+00   2.65928e+01  -1.22543e-03   2.24490e+00 
 3.01658e+01   1.00577e+00   6.16333e+00   2.65778e+01  -4.47636e-03   2.33673e+00 
 3.02927e+01   1.01066e+00   6.16868e+00   2.65165e+01  -5.45634e-04   2.42857e+00 
 3.04806e+01   1.01388e+00   6.17850e+00   2.65488e+01  -4.68293e-03   2.52041e+00 
 3.06038e+01   1.01404e+00   6.18728e+00   2.65345e+01  -1.01514e-03   2.61224e+00 
 3.08073e+01   1.01069e+00   6.19764e+00   2.66094e+01  -3.12856e-03   2.70408e+00 
 3.10065e+01   1.00466e+00   6.20469e+00   2.66806e+01  -2.34769e-03   2.79592e+00 
 3.12259e+01   9.96852e-01   6.20729e+00   2.67684e+01  -1.68589e-03   2.88776e+00 
 3.14638e+01   9.89019e-01   1.24875e+01   2.68688e+01  -2.53473e-03   2.97959e+00 
 3.16554e+01   9.83877e-01   1.24809e+01   2.69211e+01  -1.57851e-03   3.07143e+00 
 3.18563e+01   9.81235e-01   1.24713e+01   2.69845e+01  -4.41307e-03   3.16327e+00 
 3.19920e+01   9.81307e-01   1.24630e+01   2.69901e+01  -4.59062e-03   3.25510e+00 
 3.21057e+01   9.83189e-01   1.24557e+01   2.69834e+01  -5.59359e-03   3.34694e+00 
 3.21471e+01   9.85377e-01   1.24510e+01   2.69172e+01  -1.26108e-03   3.43878e+00 
 3.22179e+01   9.88999e-01   1.24466e+01   2.68918e+01  -2.42699e-03   3.53061e+00 
 3.22873e+01   9.93339e-01   1.24439e+01   2.68771e+01  -5.42341e-03   3.62245e+00 
 3.23018e+01   9.96745e-01   1.24428e+01   2.68195e+01  -3.22562e-03   3.71429e+00 
 3.23181e+01   1.00028e+00   1.24428e+01   2.67737e+01  -2.26038e-03   3.80612e+00 
 3.23659e+01   1.00438e+00   1.24443e+01   2.67676e+01  -5.80735e-03   3.89796e+00 
 3.23855e+01   1.00751e+00   1.24466e+01   2.67406e+01  -6.19550e-03   3.98980e+00 
 3.23548e+01   1.00943e+00   1.24484e+01   2.66686e+01  -6.52937e-04   4.08163e+00 
 3.24115e+01   1.01218e+00   1.24531e+01   2.66883e+01  -5.28598e-03   4.17347e+00 
 3.24119e+01   1.01362e+00   1.24566e+01   2.66543e+01  -3.01157e-03   4.26531e+00 
 3.24559e+01   1.01470e+00   1.24619e+01   2.66660e+01  -5.05001e-03   4.35714e+00 
 3.24829e+01   1.01498e+00   1.24667e+01   2.66614e+01  -4.56946e-03   4.44898e+00 
 3.25219e+01   1.01450e+00   1.24718e+01   2.66687e+01  -4.56352e-03   4.54082e+00 
 3.25633e+01   1.01330e+00   1.24766e+01   2.66779e+01  -4.01660e-03   4.63265e+00 
 3.25856e+01   1.01180e+00   1.24805e+01   2.66667e+01  -1.08939e-03   4.72449e+00 
 3.26669e+01   1.00873e+00   1.24852e+01   2.67132e+01  -2.52674e-03   4.81633e+00 
 3.27186e+01   1.00572e+00   1.24882e+01   2.67278e+01  -8.04738e-04   4.90816e+00 
 3.28224e+01   1.00115e+00   1.24906e+01   2.67923e+01  -2.59738e-03   5.00000e+00 
