 2.30488e+01   1.03875e+00   6.19099e+00   2.10254e+01  -7.10665e-04  -1.04720e+00 
 2.35101e+01   1.02332e+00   6.22252e+00   2.15354e+01  -1.65205e-03  -1.00445e+00 
 2.41742e+01   9.89518e-01   6.23189e+00   2.22352e+01  -1.93250e-03  -9.61712e-01 
 2.47470e+01   9.69701e-01   6.20648e+00   2.28235e+01  -3.19993e-03  -9.18969e-01 
 2.50978e+01   9.67793e-01   6.18367e+00   2.31878e+01  -9.45387e-04  -8.76227e-01 
 2.54238e+01   9.73269e-01   6.16468e+00   2.35248e+01  -4.60541e-03  -8.33484e-01 
 2.56672e+01   9.80948e-01   6.15450e+00   2.37803e+01  -4.31771e-03  -7.90741e-01 
 2.58813e+01   9.89152e-01   6.14960e+00   2.40054e+01  -3.35950e-03  -7.47998e-01 
 2.60799e+01   9.97054e-01  -1.34426e-01   2.42131e+01  -2.19635e-03  -7.05255e-01 
 2.62730e+01   1.00422e+00  -1.31982e-01   2.44129e+01  -1.35815e-03  -6.62513e-01 
 2.64610e+01   1.01012e+00  -1.26945e-01   2.46046e+01  -2.95612e-04  -6.19770e-01 
 2.66987e+01   1.01529e+00  -1.18107e-01   2.48431e+01  -5.21167e-03  -5.77027e-01 
 2.68690e+01   1.01734e+00  -1.10365e-01   2.50098e+01  -1.39936e-03  -5.34284e-01 
 2.70863e+01   1.01768e+00  -1.00437e-01   2.52195e+01  -2.15863e-03  -4.91542e-01 
 2.73309e+01   1.01539e+00  -9.01923e-02   2.54517e+01  -4.35985e-03  -4.48799e-01 
 2.75639e+01   1.01102e+00  -8.23298e-02   2.56662e+01  -4.35942e-03  -4.06056e-01 
 2.77470e+01   1.00641e+00  -7.79607e-02   2.58238e+01  -8.75718e-05  -3.63313e-01 
 2.80290e+01   9.98879e-01  -7.53626e-02   2.60735e+01  -3.97130e-03  -3.20571e-01 
 2.82250e+01   9.93576e-01  -7.63552e-02   2.62301e+01  -2.55946e-03  -2.77828e-01 
 2.84102e+01   9.89143e-01  -7.93411e-02   2.63690e+01  -2.23768e-03  -2.35085e-01 
 2.85460e+01   9.86355e-01  -8.27488e-02   2.64524e+01  -1.86648e-04  -1.92342e-01 
 2.87183e+01   9.83892e-01  -8.79553e-02   2.65652e+01  -3.48867e-03  -1.49600e-01 
 2.88291e+01   9.82822e-01   6.19121e+00   2.66113e+01  -3.90578e-03  -1.06857e-01 
 2.89099e+01   9.82347e-01   6.18792e+00   2.66220e+01  -3.76323e-03  -6.41141e-02 
 2.89586e+01   9.82171e-01   6.18555e+00   2.65955e+01  -2.63872e-03  -2.13714e-02 
 2.89767e+01   9.82071e-01   6.18411e+00   2.65335e+01  -4.80686e-04   2.13714e-02 
 2.90313e+01   9.82188e-01   6.18151e+00   2.65021e+01  -3.84387e-03   6.41141e-02 
 2.90381e+01   9.82182e-01   6.18035e+00   2.64191e+01  -4.41688e-03   1.06857e-01 
 2.90211e+01   9.82045e-01   6.17987e+00   2.63086e+01  -4.51077e-03   1.49600e-01 
 2.89913e+01   9.81820e-01   6.17974e+00   2.61821e+01  -5.22753e-03   1.92342e-01 
 2.88974e+01   9.81201e-01   6.18161e+00   2.59902e+01  -1.45949e-03   2.35085e-01 
 2.88339e+01   9.80793e-01   6.18250e+00   2.58260e+01  -2.74654e-03   2.77828e-01 
 2.87123e+01   9.80253e-01   6.18538e+00   2.56041e+01  -4.23530e-04   3.20571e-01 
 2.86378e+01   9.79913e-01   6.18663e+00   2.54280e+01  -4.74356e-03   3.63313e-01 
 2.84509e+01   9.79916e-01   6.19194e+00   2.51428e+01  -8.10659e-04   4.06056e-01 
 2.82927e+01   9.80393e-01   6.19619e+00   2.48872e+01  -2.01572e-03   4.48799e-01 
 2.80895e+01   9.81979e-01   6.20181e+00   2.45897e+01  -1.96974e-03   4.91542e-01 
 2.78455e+01   9.85315e-01   6.20802e+00   2.42547e+01  -1.56891e-03   5.34284e-01 
 2.75628e+01   9.90965e-01   6.21345e+00   2.38842e+01  -1.33493e-03   5.77027e-01 
 2.72728e+01   9.98126e-01   6.21608e+00   2.35086e+01  -3.24635e-03   6.19770e-01 
 2.69057e+01   1.00847e+00   6.21394e+00   2.30579e+01  -1.69939e-03   6.62513e-01 
 2.65633e+01   1.01727e+00   6.20638e+00   2.26335e+01  -1.91158e-03   7.05255e-01 
 2.62458e+01   1.02340e+00   6.19540e+00   2.22365e+01  -2.90334e-03   7.47998e-01 
 2.59349e+01   1.02663e+00   6.18194e+00   2.18495e+01  -2.61733e-03   7.90741e-01 
 2.56494e+01   1.02666e+00   6.16867e+00   2.14923e+01  -2.92141e-03   8.33484e-01 
 2.53587e+01   1.02352e+00   6.15520e+00   2.11342e+01  -6.20621e-04   8.76227e-01 
 2.51103e+01   1.01864e+00   6.14517e+00   2.08238e+01  -2.36718e-03   9.18969e-01 
 2.48689e+01   1.01201e+00   6.13714e+00   2.05251e+01  -4.34240e-03   9.61712e-01 
 2.46326e+01   1.00399e+00   6.13155e+00   2.02361e+01  -6.69884e-03   1.00445e+00 
 2.43489e+01   9.92133e-01   6.12884e+00   1.99051e+01  -1.83883e-03   1.04720e+00 
