 4.47801e+00   1.54836e+00   6.18643e+00   2.76515e+00  -3.15381e-03   1.00000e-01 
 8.53675e+00   1.27256e+00   5.95996e+00   6.28393e+00  -1.28622e-03   2.00000e-01 
 8.86932e+00   1.29449e+00   6.13776e+00   6.70019e+00  -5.72876e-04   3.00000e-01 
 1.25289e+01   1.06651e+00   5.94831e+00   1.01713e+01  -1.86888e-03   4.00000e-01 
 1.28362e+01   1.12110e+00   6.01737e+00   1.04927e+01  -2.04220e-03   5.00000e-01 
 1.32801e+01   1.15300e+00   6.14384e+00   1.09888e+01  -4.42737e-03   6.00000e-01 
 1.64130e+01   9.55441e-01   6.05190e+00   1.40639e+01  -6.10109e-03   7.00000e-01 
 1.68295e+01   1.01249e+00   6.05034e+00   1.44625e+01  -1.99163e-03   8.00000e-01 
 1.72973e+01   1.06095e+00   6.09620e+00   1.49375e+01  -4.70281e-03   9.00000e-01 
 1.79599e+01   1.07528e+00   6.19679e+00   1.56420e+01  -2.07152e-03   1.00000e+00 
 2.03290e+01   9.44775e-01   6.15675e+00   1.79883e+01  -3.07814e-03   1.10000e+00 
 2.10059e+01   9.85182e-01   6.11386e+00   1.86325e+01  -2.55108e-03   1.20000e+00 
 2.16162e+01   1.02399e+00   6.12912e+00   1.92380e+01  -3.66105e-03   1.30000e+00 
 2.23662e+01   1.03835e+00   6.18661e+00   2.00079e+01  -1.62138e-03   1.40000e+00 
 2.39499e+01   9.75263e-01   6.21866e+00   2.16031e+01  -1.15801e-03   1.50000e+00 
 2.50396e+01   9.76692e-01   6.15828e+00   2.26555e+01  -2.10743e-03   1.60000e+00 
 2.58251e+01   1.00385e+00   6.14956e+00   2.34263e+01  -5.24482e-03   1.70000e+00 
 2.66312e+01   1.01891e+00   6.17702e+00   2.42373e+01  -4.39785e-03   1.80000e+00 
 2.77729e+01   1.00012e+00   6.20909e+00   2.53886e+01  -3.87268e-03   1.90000e+00 
 2.90044e+01   9.82199e-01   6.18370e+00   2.66011e+01  -4.89301e-03   2.00000e+00 
 2.98895e+01   9.93623e-01   6.16550e+00   2.74691e+01  -1.21023e-03   2.10000e+00 
 3.07462e+01   1.00682e+00   6.17287e+00   2.83209e+01  -3.31028e-04   2.20000e+00 
 3.17964e+01   1.00438e+00   6.19355e+00   2.93737e+01  -5.25335e-03   2.30000e+00 
 3.28917e+01   9.91424e-01   6.19234e+00   3.04620e+01  -1.04924e-03   2.40000e+00 
 3.39406e+01   9.91938e-01   6.17708e+00   3.14957e+01  -3.43217e-03   2.50000e+00 
 3.48443e+01   1.00004e+00   6.17509e+00   3.23904e+01  -7.72302e-04   2.60000e+00 
 3.58253e+01   1.00289e+00   6.18492e+00   3.33685e+01  -2.42343e-03   2.70000e+00 
 3.69216e+01   9.96626e-01   6.19006e+00   3.44601e+01  -5.83503e-03   2.80000e+00 
 3.79624e+01   9.93528e-01   6.18321e+00   3.54902e+01  -5.08890e-03   2.90000e+00 
 3.89044e+01   9.96985e-01   6.17867e+00   3.64225e+01  -1.31229e-03   3.00000e+00 
 3.98786e+01   1.00033e+00   6.18191e+00   3.73905e+01  -1.78019e-03   3.10000e+00 
 4.09502e+01   9.98539e-01   6.18679e+00   3.84568e+01  -7.10278e-03   3.20000e+00 
 4.19706e+01   9.95636e-01   6.18522e+00   3.94692e+01  -5.29604e-03   3.30000e+00 
 4.29365e+01   9.96216e-01   6.18161e+00   4.04262e+01  -1.21280e-03   3.40000e+00 
 4.39196e+01   9.98487e-01   6.18160e+00   4.14016e+01  -1.01900e-03   3.50000e+00 
 4.49448e+01   9.98745e-01   6.18442e+00   4.24205e+01  -3.44422e-03   3.60000e+00 
 4.59422e+01   9.97108e-01   6.18515e+00   4.34110e+01  -9.39652e-04   3.70000e+00 
 4.69525e+01   9.96493e-01   6.18328e+00   4.44131e+01  -3.46495e-04   3.80000e+00 
 4.79884e+01   9.97593e-01   6.18225e+00   4.54406e+01  -4.09308e-03   3.90000e+00 
 4.89671e+01   9.98282e-01   6.18336e+00   4.64125e+01  -2.07494e-03   4.00000e+00 
 4.99711e+01   9.97686e-01   6.18442e+00   4.74096e+01  -1.29452e-03   4.10000e+00 
 5.09925e+01   9.96989e-01   6.18385e+00   4.84232e+01  -1.91038e-03   4.20000e+00 
 5.20523e+01   9.97297e-01   6.18291e+00   4.94746e+01  -7.26177e-03   4.30000e+00 
 5.30438e+01   9.97851e-01   6.18315e+00   5.04588e+01  -6.25403e-03   4.40000e+00 
 5.40502e+01   9.97772e-01   6.18386e+00   5.14581e+01  -6.17916e-03   4.50000e+00 
 5.51075e+01   9.97318e-01   6.18386e+00   5.25076e+01  -1.06742e-02   4.60000e+00 
 5.60573e+01   9.97277e-01   6.18336e+00   5.34501e+01  -4.83895e-03   4.70000e+00 
 5.70443e+01   9.97581e-01   6.18320e+00   5.44296e+01  -3.07366e-03   4.80000e+00 
 5.80661e+01   9.97711e-01   6.18355e+00   5.54440e+01  -4.68031e-03   4.90000e+00 
 5.91189e+01   9.97504e-01   6.18376e+00   5.64890e+01  -8.99641e-03   5.00000e+00 
